3,0,5,5,10,3,7,0,5,0,0,0,5,0,6,10,0,0,0,5,0,5,25,6,10,5,0
4,5,6,0,1,2,3,4,7,8,9,3
5,0,0,1

2,0,0,0,1,5,4,0,9,8,1,5,6,0,0,4,3,4,3,0,2,5,0,2,4,0,5
1,2,6,3,2,3,6,3,3,4,6,3,4,5,6,3,5,1,6,11,1,3,2,12,3,5,4,12,1,5,3,220,7,8,9,10
4,0,4,3

2,0,0,0,0,5,4,0,9,8,0,5,6,0,0
1,2,5,0,2,3,5,0,3,4,5,0
4,0,4,3

4,2,0,1,2,1,4,4,4,0,2,4,1,2,7,4,2,8,7,2,7,8,2,4,7,2,1,4,0,4
1,2,3,12,2,4,3,1,4,5,3,12,5,6,3,1,6,7,3,12,7,8,3,1,8,9,3,12,9,1,3,1,1,10,2,1,2,10,4,192,4,10,5,1,5,10,6,192,6,10,7,1,7,10,8,192,8,10,9,1,9,10,1,192
4,3,4,5

4,0,0,1,0,1,4,0,4,0,0,4,1,0,7,4,0,8,7,0,7,8,0,4,7,0,1
1,2,3,0,2,4,3,0,4,5,3,0,5,6,3,0,6,7,3,0,7,8,3,0,8,9,3,0,9,1,3,0
4,0,4,5

4,0,0,0,0,4,4,3,4,0,0,8,4,3,8,8,0,8,8,0,4,4,0,4,4,0,9
1,2,3,4,2,4,3,8,4,5,3,4,6,3,5,4,6,7,3,8,7,1,3,4,1,8,2,10,2,8,4,10,4,8,9,10,9,8,6,10,6,8,7,10,7,8,1,10,4,9,5,13,6,5,9,13
4,2,4,2

4,0,0,0,0,4,0,0,8,8,0,8,8,0,4,4,0,4,4,0,9
1,2,6,0,2,3,6,0,3,7,6,0,7,4,6,0,4,5,6,0,5,1,6,0
4,0,4,2

4,0,0,0,0,0,0,3,0,4,8,0
1,2,3,5,3,4,2,5
2,0,0,3

6,0,4,4,0,6,6,8,6,8,0,6,6,6,0,0,6,8,12,6,8,6,5,6
1,2,3,12,3,4,1,1,3,5,6,5,3,7,5,6,6,5,8,5,5,7,8,5,3,6,8,6,7,3,8,5
6,0,6,4

6,0,0,0,0,8,6,0,6,12,0,8
1,2,3,0,3,4,1,0
6,0,6,4

6,0,4,4,0,6,6,8,6,8,0,6
1,2,3,5,3,4,1,0
6,0,6,4

0,0,0,1,2,0,2,1,0,1,0,0,3,2,0,3,0,0
1,2,3,12,3,4,1,12,3,5,6,12
2,1,0,3

1,0,4,0,2,4,5,0,4,6,2,4,3,4,4,0,0,0
6,1,3,0,1,2,3,3,1,4,3,3,1,5,3,3
3,0,4,3

4,0,0,0,0,0,0,3,0,4,8,0
1,2,3,5,3,4,2,5
2,0,0,1

3,0,5,5,10,3,7,0,5,0,0,0,5,0,6,10,0,0,0,5,0,5,25,6,10,5,0
4,5,6,0,1,2,3,4,7,8,9,14
5,0,0,1

4,0,0,0,0,4,4,3,4,0,0,8,4,3,8,8,0,8,8,0,4,4,0,4,4,0,9
1,2,3,14,2,4,3,1,4,5,3,14,6,3,5,14,6,7,3,1,7,1,3,14,1,8,2,10,2,8,4,10,4,8,9,10,9,8,6,10,6,8,7,10,7,8,1,10,4,9,5,8,6,5,9,8
4,2,4,2

4,0,0,0,0,4,0,0,8,8,0,8,8,0,4,4,0,4,4,0,9
1,2,6,0,2,3,6,0,3,7,6,0,7,4,6,0,4,5,6,0,5,1,6,0
4,0,4,2

1,0,4,0,2,4,5,0,4,6,2,4,3,4,4,0,0,0
6,1,3,0,1,2,3,14,1,4,3,14,1,5,3,14
3,0,4,3

6,2,0,4,4,12,8,4,12,0,2,10,12,2,10,6,0,11
2,3,1,1,2,1,4,12,3,5,1,12,4,1,6,10,5,6,1,10,4,6,2,220,5,3,6,220,3,2,6,10
5,2,6,3

6,0,0,0,0,10,12,0,10,6,0,11
4,1,2,0,1,4,3,0
5,0,6,3

5,0,6,0,2,6,9,2,10,5,4,6,1,2,10,10,2,6,5,4,3,5,2,0
4,5,1,7,1,3,4,7,4,2,5,8,5,2,1,4,3,1,6,4,3,6,4,8,6,7,4,69,7,6,8,4,2,4,7,69,7,8,2,4,2,8,1,9,6,1,8,9
5,2,5,3

5,0,6,0,0,6,9,0,10,1,0,10,10,0,6,5,0,0
1,2,4,0,5,1,3,0,1,6,2,0,6,1,5,0
5,0,5,3

5,0,6,0,2,6,9,2,10,5,4,6,1,2,10,10,2,6,5,4,3,5,2,0
4,5,1,15,1,3,4,15,4,2,5,3,5,2,1,10,3,1,6,10,3,6,4,3,6,7,4,11,7,6,8,15,2,4,7,11,7,8,2,15,2,8,1,10,6,1,8,10
5,2,5,3

5,3,10,3,5,10,3,1,10,1,3,10,3,3,0,3,4,5,3,6,9,0,3,9,2,3,5,6,3,9,4,3,5,3,0,9,3,2,5
2,3,1,4,3,2,4,4,5,1,3,7,5,2,1,7,5,4,2,7,5,3,4,7,6,2,7,8,8,9,4,8,10,1,11,8,12,3,13,8,13,3,12,8,11,1,10,8,4,9,8,8,7,2,6,8
3,3,5,2

1,0,10,5,0,10,3,0,0,0,0,9,2,0,5,6,0,9,4,0,5
2,3,1,0,6,7,2,0,1,5,4,0
3,0,5,2

2,0,2,0,3,4,0,3,0,2,6,2,4,3,4,4,3,0
1,6,3,14,5,6,1,10,1,3,2,10,2,5,1,14,4,6,5,14,6,4,3,10,2,3,4,14,2,4,5,10
2,3,2,3

0,0,4,0,0,0,4,0,4,4,0,0
2,1,4,0,1,3,4,0
2,0,2,3

7,0,7,0,3,7,7,3,0,7,3,14,14,3,7,8,6,6,8,6,8,6,6,8,6,6,6
1,5,3,10,4,5,1,10,1,3,2,9,2,4,1,9,6,9,3,7,6,5,7,7,7,4,8,7,8,2,9,7,5,4,7,8,2,8,4,8,3,9,2,8,5,6,3,8,7,9,6,7,8,9,7,7
7,3,7,3

0,0,7,7,0,0,7,0,14,14,0,7
2,1,4,0,1,3,4,0
7,0,7,3

0,0,0,4,2,7,2,4,0,6,4,0,8,0,0,4,2,0,0,0,8,2,4,8,8,0,8,6,4,8
8,1,7,6,1,8,3,6,6,1,3,6,4,6,3,7,6,4,5,6,5,10,9,6,10,5,4,6,4,8,10,6,3,8,4,6,2,8,7,6,2,9,10,6,8,2,10,7,7,1,6,6,6,2,7,6,2,5,9,6,5,2,6,6
4,2,4,3

0,0,8,0,0,0,8,0,8,8,0,0
2,1,4,0,1,3,4,0
4,0,4,3

2,0,2,0,3,4,0,3,0,2,6,2,4,3,4,4,3,0
1,6,3,8,5,6,1,8,1,3,2,8,2,5,1,8,4,6,5,7,6,4,3,7,2,3,4,7,2,4,5,7
2,3,2,1

0,0,4,0,0,0,4,0,4,4,0,0
2,1,4,0,1,3,4,0
2,0,2,1

1,0,2,1,5,6,9,5,6,9,5,2,9,0,2,1,0,6,9,0,6,1,5,2,9,6,4,1,6,4,0,4,0,0,6,4,0,4,8,10,6,4,10,4,0,10,4,8
3,5,4,6,5,3,7,6,5,1,4,7,3,2,6,7,6,7,3,7,1,8,4,7,6,8,1,6,2,8,6,6,2,9,10,7,3,9,2,7,10,9,8,7,8,9,4,7,4,3,9,7,8,10,2,7,15,11,14,8,12,14,11,8,14,12,13,8,13,16,14,8
5,0,4,3

1,0,2,1,2,6,9,1,6,9,1,2,9,0,2,1,0,6,9,0,6,1,2,2,1,0,2,1,2,6,9,1,6,9,1,2,9,0,2,1,0,6,9,0,6,1,2,2
4,5,3,6,7,3,5,6,4,1,5,7,2,7,6,6,1,8,6,7,6,8,2,7,6,7,1,0,7,5,1,0,12,11,13,7,15,13,11,7,12,13,9,7,10,14,15,7,9,14,16,7,14,10,16,7,14,9,15,7,15,9,13,7
5,0,4,3